Reading edges
Running Dijkstra
175 1780 596 1255 1937 1729 765 579 1960 821 1730 301 695 1642 1027 1200 162 203 40 1073 373 1138 9 1220 55 308 311 570 79 1756 237 200 214 1992 849 951 1072 1156 1993 958 1261 1246 326 264 
1429 1711 343 1730 821 269 450 1217 1556 912 1607 20 834 714 242 1533 70 575 828 1045 904 886 172 1571 52 1488 113 588 1676 457 359 1528 103 1958 
446 758 848 1413 1371 1161 55 513 954 1007 388 1002 643 1122 693 858 699 1748 1015 177 91 1573 711 762 510 1825 1787 1739 1965 1939 1372 1925 692 51 478 1369 543 1011 1458 489 1846 826 1662 1201 266 283 507 1566 1273 1889 
189 538 498 1086 203 919 1734 133 662 414 166 706 763 592 862 304 1189 100 172 1571 52 1488 113 588 1676 457 359 1528 103 1958 1541 1337 1467 723 82 895 1761 452 655 407 1705 1094 1751 1681 836 1032 901 1746 
1260 1267 814 1230 1553 716 1253 1192 1223 1114 816 382 348 905 490 33 889 1402 365 568 1121 1256 72 363 194 1635 1935 205 658 385 1184 579 1960 1763 1658 334 1591 1886 106 671 602 1376 1515 1225 140 1884 31 1821 1905 6 69 569 1162 1639 1911 1272 1733 612 164 576 1003 418 482 760 129 1953 204 1044 109 969 470 1031 1932 
1243 1265 627 1943 484 469 1676 588 113 1488 284 962 1665 375 225 1404 1904 1928 24 1543 347 1880 1084 589 850 201 250 1756 237 784 1489 1117 1001 1421 794 1344 
1442 1753 1033 1994 768 197 1737 492 1088 812 671 602 1376 1515 1135 1931 1045 904 1189 304 539 1668 47 1439 1543 552 324 548 1348 178 1510 1738 257 1257 1483 1479 844 645 1899 467 1913 
448 1972 1679 1435 726 1694 680 1876 945 1427 1769 1760 37 425 1203 1715 1394 16 729 151 1446 119 1167 934 1204 1344 794 1421 1001 1117 1489 784 237 1756 250 201 850 589 1084 1880 347 1543 24 1928 1904 1404 225 375 1701 1232 1096 1617 1841 1455 1528 103 578 279 176 316 181 187 932 192 1986 1865 760 
1006 7 861 686 517 608 559 93 1742 1740 1902 134 681 1468 1364 976 299 1153 1940 1918 1344 794 1421 1001 1117 1489 784 237 1756 250 201 850 589 1084 1880 347 1543 24 1928 1904 1404 225 375 1701 1232 1096 1617 1841 1967 207 1958 1541 1337 1467 723 82 1018 800 1559 1453 1499 15 1851 1991 
951 849 537 1375 724 992 1084 1880 347 1543 1439 47 1668 539 304 1189 100 172 1571 1040 1370 1174 454 500 1302 235 569 69 313 651 1212 1049 1546 634 1656 594 1833 1776 1466 1124 1359 664 730 1397 1187 
Time taken to run Dijkstra: 2119 microseconds
